4.583267998436786894e-01 1.106262273619908199e-01
9.610800859820416153e-02 6.770109483898307801e-01
4.323485426889456251e-01 1.271296736019303097e-01
1.183687812280568435e-01 5.924452259629593431e-01
3.608574110678695046e-01 3.392524803942971734e-01
2.758441416727075435e-01 4.685923682150167080e-01
3.246806849517059335e-01 3.645120714661598260e-01
2.817072428366200754e-01 4.337834195428127981e-01
1.146954312226447087e-01 6.293527229787846400e-01
3.205184602690475670e-01 3.822130379535637057e-01
1.144849435143821537e-01 5.911629936722693213e-01
3.946984026149731317e-01 1.833245626419900687e-01
3.562334714122553092e-01 7.701094838983060797e-02
4.162326531550266107e-01 1.910911167871044702e-01
6.789926072853512407e-02 5.488493280794775053e-01
3.161830924715295366e-01 1.473912541232962059e-01
3.113812567528069786e-01 3.937338758326810462e-01
1.336189551876824089e-01 5.776321700401741976e-01
2.807770229646381899e-01 4.609952381563590107e-01
3.683568844153380373e-01 3.473848365442617214e-01
2.323037407305369728e-01 4.197366225565088982e-01
4.144061630414282438e-01 1.827200266971295284e-01
3.941212588987807464e-01 2.362195325435433590e-01
3.674232695803186788e-01 1.925196698797350670e-01
4.068387904332337324e-01 2.948133126259471770e-01
3.466053562409517896e-01 3.566646558252378196e-01
4.251308512734982559e-01 1.605177702763422865e-01
