4.155871692537910778e-01
1.294206668050862152e+00
4.503008931447440300e-01
1.180537241686952621e+00
9.670099719649625225e-01
1.085584259733767043e+00
1.038700342131103183e+00
1.086768729061363015e+00
1.223496186293281607e+00
1.059379611750125516e+00
1.181033113318522787e+00
6.057393754252928808e-01
5.085122936535544369e-01
5.563981158232841340e-01
1.207433874467928714e+00
5.673685982515105364e-01
1.064530376710020487e+00
1.133866034046465021e+00
1.085406098204937830e+00
9.455987497531650465e-01
1.099960133817598384e+00
5.352517649338143224e-01
7.972918092777445676e-01
6.402105828625545003e-01
8.637243820826405738e-01
1.018022427352604398e+00
4.940801936880012124e-01
2.971879946226379521e-01
1.263774917634163941e+00
6.356302057630174307e-01
9.797454728850685246e-01
9.949477996881834763e-01
9.706737994504089917e-01
9.974908353506344305e-01
4.924618366827813731e-01
9.823887667462523066e-01
6.251525465751833766e-01
1.141152705091524666e+00
1.239847079150122156e+00
1.180947419655416608e+00
5.478788786120472043e-01
1.216016450473635269e+00
9.859245618022359769e-01
7.784568163212217673e-01
9.792001495743937189e-01
1.000041661346094957e+00
1.014105922109540980e+00
1.216293176650542929e+00
1.045059624837884726e+00
1.158178308529026035e+00
1.029725878503998659e+00
9.651511307668364514e-01
1.256548198282265494e+00
4.313615774679182002e-01
1.151108411967712852e+00
9.379953847357569430e-01
1.056479914319885305e+00
1.009222738153020549e+00
1.057428980106537741e+00
1.193534226828077971e+00
1.030296943784618335e+00
1.151567025484889095e+00
5.827060703968361954e-01
4.925651432726918522e-01
5.340158116663286103e-01
1.178164238510190254e+00
5.483351211583074036e-01
1.035613676708631692e+00
1.103867832597259735e+00
1.056062284728542355e+00
9.171433729499992582e-01
1.071566402258248285e+00
5.139452041524507075e-01
7.702515634012865320e-01
6.187431347690351968e-01
8.354288764612377571e-01
9.885529524176620564e-01
4.747686355773669820e-01
6.131727079570122863e-01
8.044921092394365925e-01
7.720897432814304295e-01
7.721151465412444681e-01
7.768604754745074281e-01
6.131036110903180791e-01
7.759920226989981407e-01
6.129644012265371700e-01
1.018910186605572532e+00
1.125820313598161704e+00
1.061815615011226566e+00
6.190869255518519632e-01
1.100697844482598331e+00
7.772174759524274057e-01
6.619178377287182613e-01
7.562171091293558023e-01
8.300250950335950062e-01
7.875908124199585414e-01
1.098420018852605873e+00
9.012629484649148370e-01
1.032445043434493614e+00
8.771877710739516276e-01
7.784944131457466332e-01
1.141645867042047735e+00
5.420351127244250611e-01
6.107658337671646454e-01
5.601997983319880747e-01
6.154816949190432540e-01
8.862753638847613580e-01
5.781659998028707559e-01
8.067912736076727764e-01
8.018366218135420942e-01
9.132759806759095378e-01
8.457188902365788685e-01
8.623956222393007742e-01
8.872664297276398049e-01
5.873260765816831208e-01
7.124594860344731773e-01
6.065048603210226874e-01
5.683230834002568344e-01
6.297312301240661769e-01
8.824181329145972530e-01
6.681504428465606660e-01
8.134113631152118939e-01
6.321560559508491162e-01
5.430976464049137586e-01
9.272985800932603828e-01
4.755310720819190817e-01
5.362340243132907025e-01
5.003138149362361675e-01
8.848978297825786932e-01
5.296698219773423588e-01
7.763043134396453437e-01
9.088456521643407671e-01
1.029803443123964213e+00
9.564930224019493332e-01
8.517279466680577338e-01
1.002210422313952520e+00
5.287600465658688353e-01
6.553709096094435527e-01
4.622126510266135191e-01
6.470806404466638018e-01
5.082812933443120462e-01
9.958392847525908698e-01
7.598717914412691510e-01
9.197409409435176597e-01
7.229280000487742219e-01
5.613158482131516136e-01
1.044486866006610892e+00
4.884166215899934382e-01
5.377436553665063679e-01
8.707065527200624766e-01
5.007639607001409532e-01
7.751926667901829493e-01
8.617066858331439150e-01
9.830854934854187377e-01
9.096643145506146944e-01
8.414067715606781128e-01
9.566528935837124159e-01
5.079134541422046789e-01
6.689809600874143669e-01
5.275823514408898296e-01
5.936121979002004778e-01
5.487625733434449149e-01
9.489594316714972111e-01
7.146658438268553848e-01
8.736577340901924282e-01
6.763990506632453492e-01
5.082945030394153685e-01
9.975849967670117335e-01
4.651116710365919005e-01
8.829434723275517705e-01
5.249627672888658170e-01
7.804755287011110321e-01
9.111695423721294373e-01
1.030510669877187091e+00
9.589835579941180521e-01
8.548569508568858444e-01
9.999647741463911776e-01
5.227445546419037248e-01
6.536363750293407993e-01
4.773496067744736338e-01
6.559331684266609397e-01
4.995195396793837839e-01
9.974952385823355749e-01
7.608780992400361320e-01
9.225959286364850964e-01
7.285400882068923112e-01
5.634246574878479796e-01
1.045764819330322615e+00
4.096756613399982760e-01
8.791675317887924779e-01
6.040614054370427866e-01
1.067865994078669445e+00
1.168021902351901620e+00
1.109194726825198929e+00
5.566186161184699666e-01
1.140280526504575898e+00
8.820560517847145787e-01
7.060443161561006375e-01
8.709009723351727184e-01
9.104924608205523517e-01
9.032725156712709813e-01
1.144495774083052364e+00
9.622741269153635146e-01
1.084671097220984981e+00
9.460756536174073084e-01
8.649037707582737378e-01
1.184773150583411150e+00
4.728288426579667636e-01
7.795373016386457632e-01
8.825183911133299697e-01
1.004050634454881630e+00
9.305999877386932351e-01
8.478368446848082440e-01
9.774520665890569227e-01
4.977917793018981074e-01
6.690907021698110357e-01
5.159703520248261066e-01
6.139906929230244392e-01
5.344395380400267515e-01
9.698148305585634343e-01
7.340072084290049093e-01
8.941097292114116302e-01
6.960693028024538265e-01
5.235852331866831522e-01
1.018690702440778972e+00
6.075846682181849090e-01
1.019597429461075011e+00
1.126291798100310437e+00
1.062575003124601070e+00
6.141813867266950888e-01
1.100935957704588519e+00
7.809006099153326108e-01
6.622247091072719360e-01
7.604482760839825772e-01
8.322886948380914252e-01
7.924567221598054489e-01
1.099039180971806751e+00
9.026110147857133725e-01
1.033545851359768619e+00
8.789751444344675591e-01
7.807095774015311296e-01
1.142285013058969012e+00
5.710121031291057747e-01
5.831684097254516974e-01
5.785372261062865507e-01
1.051897843669693966e+00
5.856430259414702189e-01
8.884004312457385311e-01
9.642643876442608120e-01
9.065143103336735786e-01
7.874756509754682332e-01
9.253750452601412491e-01
5.849808476356508358e-01
6.811335408723209195e-01
5.992415602749919801e-01
7.237822269987878032e-01
8.417542881549341383e-01
5.879377870780052584e-01
4.756160883247633753e-01
5.500506879710823638e-01
1.153171156664613006e+00
5.364382665221955060e-01
1.009353818973660832e+00
1.077011167611724440e+00
1.029551104076477985e+00
8.934783735275000360e-01
1.044978334406480025e+00
5.366638474693442573e-01
7.535179280965811355e-01
6.111001406663173485e-01
8.155018820428420190e-01
9.621853848610798510e-01
5.097780534125553320e-01
5.313000338371420828e-01
1.092819785549067779e+00
5.740242523227894189e-01
9.358764141571350725e-01
1.010294078296911424e+00
9.546087779440092236e-01
8.292209971829478388e-01
9.725986891240515630e-01
5.445496967358842699e-01
7.085605937182141156e-01
6.054596008572076249e-01
7.591743872818410566e-01
8.899334332979833562e-01
5.412967246391636733e-01
2.942066680508620968e-01
1.128576397932919972e+00
8.503707351737260778e-01
6.935452349073305545e-01
8.361902968353974730e-01
8.847034101674684514e-01
8.682817268932795374e-01
1.128127268299407460e+00
9.443143609369670788e-01
1.065895717247492547e+00
9.252266902228272194e-01
8.422291597583912992e-01
1.169200274897142178e+00
4.332112734925112618e-01
9.831152999769338097e-01
1.044706350171404452e+00
1.002977600760336596e+00
8.701663100613504787e-01
1.018909847895441478e+00
5.710320870268261739e-01
7.340434504130062265e-01
6.059486982861606030e-01
7.962059045982270433e-01
9.313610694027218972e-01
5.582301989210728399e-01
4.949422109710243656e-01
6.709055110509261066e-01
5.136007359493723889e-01
6.234766088477182722e-01
5.298279996084510612e-01
9.749964181403661945e-01
7.404687815953044927e-01
8.991504133787793229e-01
7.027588278868179827e-01
5.346322641044826129e-01
1.023679225247995150e+00
5.826071670386269163e-01
6.406417608591314927e-01
7.458901759497517103e-01
6.731718205364695118e-01
1.048433855161451156e+00
8.301317887248138572e-01
9.779039059036160886e-01
8.031474300199467065e-01
6.734549822058633062e-01
1.093540560707524811e+00
4.214634513139751681e-01
6.447012017774153003e-01
4.854251337142919120e-01
9.946968154812206864e-01
7.568681100008569640e-01
9.179786321326849352e-01
7.173633313089757824e-01
5.570894232003568147e-01
1.044262301189854858e+00
5.600798949456659015e-01
6.667471667744329089e-01
8.639296404219380943e-01
6.613000304500407101e-01
7.978970842815805709e-01
6.284363412938117621e-01
5.737045099592633646e-01
9.067426009618690941e-01
4.668932863248833609e-01
1.011006724412227831e+00
7.776218958486671440e-01
9.345635736899454704e-01
7.405212816655868391e-01
5.819737790939299993e-01
1.059403660169416117e+00
5.208264391708782304e-01
7.352035326111807656e-01
6.143056933447185175e-01
7.907574134333115179e-01
9.290270178910078336e-01
5.225108446516146810e-01
5.756595448345519506e-01
6.941508486212972784e-01
6.156615499985266249e-01
6.955117859270683045e-01
7.655651700307921637e-01
5.714290553001869499e-01
7.367609217928469123e-01
8.546801441685800693e-01
6.217329290940825093e-01
4.272242332195380077e-01
6.586357365607441450e-01
8.275284626590709847e-01
4.823523554071854624e-01
9.769524691460473864e-01
4.653037196807860432e-01
